400 10000
464 138
2700 171
2887 110
476 293
2133 279
2143 128
2061 92
1923 205
1164 228
301 226
2462 107
2771 287
73 108
367 171
545 197
2840 286
2513 296
606 197
739 158
738 72
524 124
712 100
487 257
2898 57
1508 3
866 218
2949 285
371 179
2365 206
236 153
2453 69
1483 200
125 296
170 183
2619 128
2505 94
955 227
896 216
2267 181
2222 109
2249 105
1579 62
563 28
2086 5
499 120
780 240
581 22
2174 232
1342 18
2093 88
1012 285
909 20
2996 45
2035 140
2140 161
2996 30
1749 127
20 196
1084 283
440 87
2093 239
1504 230
2100 205
1388 283
930 210
2738 79
1033 55
1834 229
901 173
2054 128
2246 56
608 156
2885 65
2122 3
139 62
2885 76
2537 162
750 93
2583 157
915 205
453 215
6 166
1247 200
1715 165
1440 205
492 205
2503 210
1543 166
1342 51
1152 70
2253 198
304 202
2914 215
2490 139
2186 114
2414 185
1529 250
892 284
2818 219
366 5
1019 43
2746 153
1536 223
1323 169
1515 237
2243 147
2677 81
2679 1
692 224
2159 114
1264 77
1432 203
2611 79
1968 277
1653 5
69 285
2177 184
1675 297
2008 244
1176 296
568 18
862 109
128 50
1116 82
2619 86
1321 288
2214 201
1350 300
2120 46
831 268
1477 225
110 24
2607 280
995 293
2321 296
948 140
617 75
2589 240
2474 90
933 229
1731 24
845 88
264 10
1893 59
2267 46
2892 39
894 131
1571 103
1855 239
703 261
832 299
378 52
1250 84
189 260
2623 227
2268 189
553 40
1542 10
2913 288
2455 65
1943 61
2491 281
843 35
866 125
303 300
803 229
561 265
278 53
64 133
1873 168
1546 48
398 190
367 16
1336 81
1438 220
1705 174
1426 73
2225 170
881 85
2533 259
825 244
1121 182
2767 235
2371 134
1926 249
1326 202
80 169
823 121
2795 49
2176 3
1747 297
1759 253
1960 167
1666 170
2260 98
121 273
2211 143
1967 90
2255 296
2143 76
1511 254
511 181
2044 206
2699 254
1608 247
953 43
595 295
2461 87
2155 78
465 229
1239 190
2450 241
2488 65
1225 274
1893 85
2236 110
2089 150
1241 29
2731 160
566 240
978 242
2168 49
1395 162
2703 51
2865 200
2794 87
327 11
1324 230
356 1
2346 287
2396 76
1215 53
2279 161
2583 102
2641 26
1548 132
1373 233
472 25
2550 107
144 54
1276 187
521 116
1975 91
1906 182
548 81
782 275
737 259
1636 173
542 253
917 212
1305 253
2609 225
2886 233
326 75
2978 129
1326 291
2130 208
2019 100
1149 29
2842 113
330 103
1258 168
1407 285
2663 225
2920 129
1296 127
1176 187
1985 264
1263 98
405 203
97 188
715 83
1750 55
1060 239
2179 285
575 244
420 24
1481 44
2772 275
2460 197
2643 136
395 111
1306 122
2263 260
2614 16
2769 289
2711 89
1373 53
660 231
1399 57
2013 40
1468 47
2685 299
2104 25
865 76
1719 242
1273 43
1418 229
571 117
2641 154
2758 22
375 117
2473 247
2438 198
1552 82
336 146
1104 40
2183 209
1017 86
1473 237
1285 140
20 84
2592 9
594 115
558 125
1881 277
2179 222
2754 127
1715 10
715 213
2303 22
427 27
816 12
2202 42
2940 139
411 66
2818 7
215 14
211 96
2622 98
1239 193
1044 218
2753 202
2983 275
921 175
2824 291
1524 264
1709 214
2345 109
2450 92
2738 283
2704 74
1869 246
2811 296
214 10
475 22
1604 129
2087 64
1965 187
112 9
382 196
466 275
1626 200
538 36
102 289
227 132
1911 26
220 55
2681 4
622 44
2758 236
36 43
479 185
2004 48
1881 132
2060 265
2975 251
2306 2
71 81
1773 193
1852 19
2530 284
2320 31
2627 300
4 77
650 267
709 258
2038 18
2668 290
1904 290
451 179
2085 163
1823 144
2687 244
2310 152
1394 298
774 155
928 60
1488 60
898 260
383 273
1764 208
1121 68
412 65
1817 231
143 137
742 130
1895 131
139 9
1300 220