100 5000
246 55
57 121
915 84
676 60
812 97
818 47
318 121
711 106
952 138
484 5
773 142
474 111
892 106
224 57
245 51
84 102
851 15
938 114
376 28
535 88
553 39
600 16
128 89
140 38
912 89
226 121
800 138
192 57
879 118
818 105
752 120
747 1
946 13
971 28
999 83
590 86
31 82
124 143
688 126
426 70
380 44
132 150
360 149
645 92
116 7
901 146
251 148
237 80
889 2
26 90
12 31
140 62
632 77
538 26
731 2
980 63
394 131
349 64
318 25
259 131
631 102
987 143
131 109
302 119
10 57
98 131
601 77
686 70
754 63
375 18
916 95
392 82
68 21
585 4
888 32
606 147
740 92
498 44
363 22
897 58
467 101
687 58
5 26
928 134
383 41
509 12
544 59
887 127
184 82
956 51
345 7
387 20
486 128
725 138
951 109
858 18
782 16
693 10
769 76
718 58