500 10000
2055 302
2310 245
45 201
2825 551
183 333
1802 598
2226 430
1417 562
2218 229
1683 506
2776 527
370 220
316 536
1028 340
1079 177
1261 409
2632 137
1354 11
2801 327
107 449
213 181
1340 79
424 480
2569 68
1931 156
2723 281
1858 540
2130 502
276 168
2473 455
2343 415
2929 483
1909 372
987 181
2927 37
2462 571
892 133
1681 244
1405 244
373 103
2913 180
1050 214
672 540
1493 289
463 186
2251 327
1855 465
1252 48
1161 394
1574 301
1898 319
2709 449
375 403
2052 17
1678 341
1203 374
264 571
2814 436
878 482
1853 83
2079 524
2413 18
828 187
1706 467
441 9
391 441
1448 122
276 231
2675 241
1323 594
2173 176
1071 582
2597 299
1 287
2792 443
2896 398
2403 168
324 43
2090 424
1160 1
448 484
2497 77
227 498
847 376
811 181
1776 428
695 336
1363 139
515 346
2991 3
1362 370
1929 422
252 148
988 382
1429 468
2056 102
122 543
361 475
432 282
1091 1
1459 386
1255 522
2144 34
2109 273
2375 250
1870 453
1536 452
2636 49
1545 75
528 8
2257 388
520 454
740 127
563 201
1436 494
290 190
1408 115
1037 352
787 233
1551 388
36 313
1928 312
2030 349
2997 481
2187 368
493 4
2954 244
2738 140
2193 374
10 466
377 132
1130 267
2861 150
2070 83
2366 514
2383 95
319 305
2577 496
2023 304
2440 420
3000 193
1255 502
1883 71
1676 525
478 393
2715 355
2004 221
142 484
863 14
1590 486
2892 568
2752 327
1970 8
2439 490
1129 561
161 316
1627 473
993 507
2978 538
65 405
142 204
1066 590
1232 431
2418 420
1425 415
2272 173
576 584
982 144
2876 457
796 417
2526 549
2453 261
2881 220
1312 37
2273 520
1318 544
2166 403
322 241
1251 30
1114 592
1735 589
593 404
1512 118
254 590
1478 248
2804 305
1611 591
2127 237
1485 486
608 506
438 70
2421 482
2392 410
2832 495
992 357
90 580
1774 51
1668 504
1126 53
698 189
1614 312
1309 462
1628 285
483 118
2324 282
2196 526
1899 175
1516 446
691 286
1064 381
1203 289
1527 116
585 159
2878 540
2279 337
976 32
2576 359
1 429
2109 576
1373 549
1257 230
1361 539
949 528
1989 313
2664 593
1653 78
887 126
675 227
2621 476
99 140
1711 23
339 324
2807 576
2412 305
890 30
1217 166
2552 469
2515 279
2648 188
198 487
854 304
1084 38
530 414
2404 207
1669 102
2775 181
258 219
287 493
479 543
2731 342
343 51
3 325
2014 587
1701 165
1744 40
2690 572
1430 120
2105 481
2558 344
765 34
2742 265
2949 98
476 552
1768 486
997 368
2450 56
2832 130
1352 405
1430 84
1140 306
633 512
2013 564
1974 187
2407 28
2536 278
1002 464
2490 593
433 511
1033 595
2154 69
2676 478
245 180
681 48
1802 212
533 84
60 217
2815 71
2844 434
1153 110
579 562
1780 260
879 279
2456 442
2049 456
565 55
985 396
1704 39
1687 117
1773 456
927 268
1406 247
456 422
2669 345
161 291
2892 582
2560 39
2222 511
1377 401
617 232
1831 594
2539 369
1970 408
1390 310
2189 120
2906 71
1906 105
2925 217
253 77
1913 267
1226 419
922 141
1243 7
1346 83
18 564
2540 223
72 280
1345 508
2752 237
2578 55
2314 359
882 536
983 329
2183 575
334 282
2966 545
2602 158
696 513
1760 351
2204 531
2088 10
1818 444
327 446
625 253
1046 198
2238 278
196 392
955 552
387 206
591 379
1977 210
223 590
2149 199
161 468
2619 218
376 315
886 383
1473 17
257 56
1897 223
2843 72
2161 95
2204 214
1951 74
424 109
2138 258
1207 224
1369 46
303 83
657 460
1175 37
1546 32
1648 553
1996 499
2434 27
1411 519
560 240
756 118
1025 38
619 523
44 26
2563 496
2511 9
2297 574
508 206
2085 500
2953 362
1373 238
730 178
176 342
2573 98
2652 72
386 455
1685 200
741 123
27 518
386 249
1222 113
515 7
177 106
1568 332
1376 487
1820 511
1447 480
2288 159
1152 582
551 297
24 463
2814 316
2936 239
1917 409
2403 80
2869 429
1392 90
2560 600
734 437
2928 464
294 243
1621 479
1658 27
2039 532
2433 520
676 445
763 496
406 570
2551 504
1748 492
1791 293
1092 28
2556 589
362 144
2964 236
2223 560
1892 394
3000 143
68 322
2346 437
1198 30
1911 441
377 430
768 428
1928 31
1503 144
1051 488
960 104
23 527
20 265
2407 122
2929 430
54 258
977 401
951 466
2852 541
1803 205
1541 1
214 285
1631 463
2295 512
90 282
1826 245
1286 30
692 37
82 9
2922 324
1410 551
63 30
491 339
2280 422
1443 89
1037 34
1842 234
1486 498
2071 198
1407 72
1097 341
1226 569
859 177
2392 121
1994 379
963 165
2414 438
2947 74
2627 345
1627 523
1987 293
575 303
1601 6
1013 185
1508 255
2300 393
831 486
1877 360
1617 479
1901 305
726 196
405 58
193 225
30 114
340 437
1964 380
462 261