500 15000
5850 101
8375 334
171 220
249 311
2408 289
5159 221
8595 298
8107 439
4787 335
3103 55
2685 396
1157 142
2434 51
9920 295
725 346
6035 292
8711 97
8820 222
1665 277
2461 189
7133 224
9759 399
3010 72
4002 445
1018 71
3454 271
3633 281
3583 294
1100 10
1161 457
8484 133
2888 485
6270 250
7361 419
1080 175
9771 115
8001 480
5044 146
4278 316
8625 33
5845 394
7318 281
1584 58
7838 187
5391 429
4808 62
8834 167
6830 121
3426 259
5363 419
8771 362
7768 173
7801 254
6219 329
5219 66
9260 186
3752 175
1581 37
5596 333
774 383
8159 143
1971 77
1939 478
1770 344
217 413
1884 111
6310 14
5224 316
9991 126
198 306
8558 162
7959 224
647 42
4502 446
7916 331
4731 46
1312 37
2412 252
6764 353
800 446
9989 31
658 438
5398 196
9630 238
9919 474
5355 59
1306 273
1941 104
9045 352
9686 77
4305 169
7152 170
3750 466
8105 409
8097 159
5604 360
8875 146
6568 118
6903 390
4399 474
407 129
5085 461
3596 245
2939 241
2888 441
4111 194
3537 97
7242 125
6213 159
9757 53
133 334
3961 157
9583 409
1442 81
3612 26
1439 93
3138 325
5520 492
6871 315
4604 423
7459 384
7206 192
3392 264
8908 346
8513 191
7324 235
8188 413
3395 14
7429 477
1108 304
4873 222
5393 333
2532 303
9768 135
7471 383
8861 262
5289 73
7632 113
2161 55
9931 234
4493 31
9851 325
7914 360
7512 385
8801 177
946 87
8594 383
9482 33
6496 50
2522 292
4041 350
8434 403
6224 469
5824 363
7480 92
4587 91
319 215
4828 73
2644 70
6586 480
1991 6
8113 13
8780 366
9485 329
8588 422
377 365
9512 222
3854 121
8058 260
9530 131
8090 65
6143 287
4265 34
533 364
3646 189
8142 462
3035 500
8611 140
8667 25
5680 90
7994 357
5352 311
1377 229
2998 180
3100 197
6050 416
1850 324
4701 309
4176 60
4105 390
8635 212
8263 340
2160 101
3742 290
5617 454
1973 139
7407 308
2109 101
183 53
6862 117
7194 193
7469 28
2220 307
5718 22
5609 386
1788 450
4831 127
5466 436
3484 36
1525 320
9045 152
1232 408
4943 490
3899 225
1854 223
2457 95
4664 239
9069 329
6533 4
3073 373
4934 87
3154 406
4046 358
6251 400
6129 379
76 433
7256 274
4982 9
4894 240
5046 433
9051 88
9244 190
6538 236
6024 340
4360 149
912 118
3132 460
1007 84
2318 153
7805 147
1429 359
6903 431
4624 170
2123 363
8064 473
1091 82
1 70
795 226
228 403
5152 365
8746 169
984 385
3599 297
7160 341
4144 444
8741 286
4122 223
2986 488
6865 342
4723 97
3513 418
3700 460
5557 219
938 412
8842 285
6843 308
4702 95
5116 347
6051 301
6591 392
4234 131
2391 124
709 299
5354 37
4622 204
4593 263
957 154
4191 171
9946 110
3372 323
1951 449
1917 52
6105 285
4929 343
1867 121
3834 279
9135 246
6374 325
6266 32
922 474
4475 107
5178 214
9040 111
8167 450
5284 262
3877 131
2345 132
5128 66
7966 14
1419 465
4461 464
3276 212
9076 98
7431 277
7469 42
6941 58
828 15
577 201
3317 125
1472 334
7080 117
4106 477
6938 262
9025 294
5345 70
9757 333
3915 163
4265 500
9004 477
5230 369
3266 328
3657 199
2518 139
3532 488
1058 325
4558 223
4313 338
9983 343
968 150
8909 400
3047 409
444 36
8411 305
261 115
3227 16
6030 328
6221 387
7218 131
5837 89
5948 223
3993 295
3573 221
9692 416
616 227
1877 44
9215 24
1955 286
3788 261
7215 91
5493 21
8438 291
3436 62
7042 470
2906 75
388 424
9336 139
6000 394
4458 95
8132 197
2760 309
1766 497
5466 165
5338 491
5328 296
5997 52
4715 405
4928 482
1836 176
6004 370
1462 435
1359 500
1426 307
2377 130
7408 367
7990 72
4980 303
3311 317
8468 488
7071 183
9181 74
1687 17
4125 136
4302 394
1393 225
2281 86
2891 142
7331 113
9055 315
4057 412
3402 439
4293 373
8048 43
3300 463
2433 69
4550 258
8551 62
9794 473
1726 434
915 101
2080 297
3683 111
2540 173
979 3
8994 55
8820 148
8398 27
5669 47
2591 365
8697 288
7923 284
7988 432
1585 72
450 473
7090 251
6036 332
4796 148
8904 117
9133 468
5187 454
1520 488
9454 353
1343 41
2203 32
1910 75
2210 255
4272 420
3452 145
7920 65
2187 104
2333 162
5860 420
8699 143
5578 498
9666 375
3000 422
3693 53
5019 388
8098 87
7114 407
7449 103
3907 24
2218 58
7827 185
1511 403
8097 243
2483 97
2247 131
5742 361
9086 269
3551 146
7573 55
6189 319
2831 32
4713 343
5718 100
6859 296
2463 313
3319 434
5628 484
6044 72
4439 262
1657 2
4482 279
1308 362
9880 212
1737 104
8671 185
4563 332
3549 338
7306 103
6324 207
5537 218
5164 299
522 72
3275 282
8385 436
563 332
7682 478
5640 150
279 450
4252 387
9666 366
7273 248
8531 282
635 137
8711 231
6647 140
7102 246
4700 277
2679 400
6037 371
6378 365
7623 37
641 108
7277 70
7444 170
8222 195
4272 232
9560 68
7443 401