500 11000
1039 220
2899 222
2484 55
877 220
3364 256
752 94
1603 173
3142 102
2282 200
3529 164
2727 170
1134 243
3953 211
782 260
1445 290
3762 58
3106 282
2427 187
3487 121
748 265
3012 130
2228 211
587 66
348 35
596 115
1065 136
2527 92
3662 220
1098 70
3505 267
1479 221
696 125
56 216
3952 126
2122 46
1210 197
2539 52
914 254
10 51
1822 16
3850 216
3023 236
2178 265
3127 111
1716 240
3751 76
840 190
1987 229
1892 268
2757 292
2762 174
2987 31
238 238
1566 241
818 25
128 252
1568 209
1521 288
1860 98
2045 154
548 163
2021 66
2652 22
1929 231
122 156
3215 48
1811 146
499 160
1536 284
1292 200
1657 300
246 177
1196 260
1280 185
3929 82
436 138
589 97
3135 158
3449 192
3549 259
3823 83
1410 171
1529 70
2471 152
2901 66
2543 93
81 263
1780 17
799 88
1907 154
3509 19
2641 87
3332 184
3208 47
3794 181
2899 200
630 236
3410 163
3952 285
2105 123
66 220
3835 170
687 291
495 225
3151 236
2364 139
1484 141
3079 28
3420 262
1877 77
1179 172
991 240
580 253
1106 38
3307 283
3135 108
1211 198
742 214
2183 115
3929 129
1679 122
400 209
2321 25
681 103
1641 113
2042 16
2439 230
1909 253
1932 249
3222 23
2400 18
1900 237
3282 156
3330 58
3949 39
808 169
2260 269
419 155
3482 118
493 230
3744 195
1802 164
1036 227
905 40
1858 175
1780 299
674 167
3764 60
1405 2
99 196
1909 125
3471 184
2193 281
2056 41
1881 237
2183 210
180 31
3450 90
3260 270
2096 269
155 197
670 225
1892 61
3339 261
3536 4
2014 78
3411 158
1154 231
3354 182
1908 231
1476 114
2665 271
3194 104
3230 221
2956 203
3901 15
3594 278
40 117
667 113
1510 178
1854 35
1863 187
2363 61
886 34
3716 267
3738 70
493 212
808 52
965 196
41 74
1168 219
2436 104
355 110
1960 191
1084 14
2263 77
1051 269
882 300
1376 243
3229 285
1634 50
3823 293
2249 199
2617 202
2154 94
3504 51
893 202
185 42
507 289
2960 296
2873 109
1620 152
3356 155
2002 36
2520 247
3757 219
2729 82
551 88
909 284
3887 49
2204 154
3431 198
1924 119
1552 170
102 231
3028 6
1447 277
16 241
3156 106
2364 83
3669 99
3609 237
2604 15
3862 235
2123 63
3358 221
47 255
193 106
1052 98
3709 195
22 140
1833 176
3130 72
2431 152
2359 164
3748 225
2285 107
3669 107
736 37
2351 203
376 75
3098 74
216 227
1907 264
1880 157
2197 87
2210 264
227 123
134 134
2197 195
538 262
1565 131
2322 192
1813 269
3031 4
454 175
3687 25
1143 135
1354 189
976 295
2572 65
874 64
3227 211
1558 245
2143 140
2566 60
3088 37
2236 296
1625 221
141 3
3208 240
2705 12
3246 8
1258 230
2137 201
3822 163
2059 204
2994 235
151 185
1685 17
1400 105
3719 20
3598 231
1716 8
1398 15
1041 156
1764 229
66 20
640 9
3653 256
1242 131
2783 96
1579 166
256 100
3562 298
1269 203
2535 130
3755 111
935 230
763 7
861 238
3350 206
34 187
878 5
1904 95
830 148
3424 195
375 147
670 103
2280 126
3558 54
3818 224
3998 103
2789 165
2768 256
3234 222
3746 9
3119 138
2163 123
3400 103
340 239
3080 197
3296 89
3499 299
1690 153
3839 155
66 45
1191 106
2707 47
907 141
1116 55
2656 88
2457 8
1999 99
3469 67
3205 72
1438 132
2647 90
269 265
1295 172
2065 231
1079 185
3215 219
1569 272
1720 211
272 68
2559 5
2055 62
1589 201
3884 200
1795 208
2521 262
3523 283
3775 132
3676 143
1175 186
3544 87
102 265
131 229
3691 147
2530 166
3817 202
2830 300
1356 262
3596 37
1754 36
874 82
1367 36
152 3
3188 115
1984 111
3094 94
3779 273
1823 294
1682 41
2395 293
3558 256
3368 171
1948 10
3810 246
624 50
427 276
2933 25
2644 14
3983 69
2219 127
3021 266
3777 51
774 6
3541 54
3279 116
418 81
3734 27
2947 99
798 73
3167 173
3799 120
340 248
3545 82
2532 29
3709 197
2774 263
2296 42
1163 233
2261 201
447 7
3758 19
1975 227
3943 24
1741 9
1543 112
1396 300
2323 266
1706 208
1481 167
3322 108
2102 162
139 72
436 288
2345 161
2180 75
878 190
3492 128
2476 228
12 182
2009 166
3243 15
1400 209
3321 281
160 155
2457 49
2155 151
3118 196
1725 150
1910 216
1967 154
2790 24
1879 59
2692 52
1078 202
1563 6
3965 98
3551 173
1565 126
2205 176
2794 70
2942 77
2411 154
3768 96
1952 181
625 54
3280 292
2705 91
47 126
354 220
680 123
3943 267
2285 85
3958 256
2008 75
243 136
1212 153
1387 169
3949 66
458 22
2729 69
3161 79
3553 187
3031 44
424 158
3763 182
2743 227
3780 227
891 154
421 151
1724 298
3023 216
3434 148
2581 67
838 282
2678 85
2410 109
3235 205
2838 72
846 129
344 120
970 164
2967 100
3269 78
1021 186