500 10000
1921 264
386 140
723 107
1659 449
1451 417
2753 325
320 2
1115 179
366 56
742 296
657 341
592 377
1631 195
2376 158
466 182
2868 544
2838 22
885 221
1741 481
2955 117
1220 21
753 261
2858 59
1101 440
2957 79
1846 565
2240 124
2122 276
2325 4
803 514
83 501
998 101
1588 528
600 305
2070 314
748 112
2004 581
1565 120
2864 425
413 334
743 204
2160 80
2505 465
2984 72
2251 396
1389 477
2995 20
577 516
431 593
2621 123
1315 204
83 206
565 518
1082 571
2294 73
2575 535
1840 138
407 83
550 464
797 178
1557 311
2745 257
413 517
1320 121
307 157
970 281
871 82
1668 235
1188 107
2234 17
2817 261
1345 233
2004 310
398 388
350 461
2247 260
1575 64
260 579
190 277
2624 497
1900 266
514 93
2726 144
595 132
350 153
2363 440
2277 298
1221 407
2455 340
1211 477
2538 469
679 404
2116 331
2960 79
1729 177
1477 102
2502 2
2865 100
1709 169
27 420
749 379
2208 498
2108 373
1095 134
1876 591
1785 226
2088 282
2644 205
706 557
1139 585
650 491
531 6
669 265
1667 361
2919 451
1049 128
2486 470
2093 396
813 392
2973 593
713 380
1421 193
148 97
2608 140
2555 378
1559 12
2366 184
933 285
2844 452
341 426
1369 225
592 498
2413 21
495 362
505 512
1657 52
288 542
1457 420
1632 487
800 595
2997 13
2130 341
2224 93
2671 157
1609 30
1273 49
582 399
2229 16
2926 541
1688 87
582 202
1271 467
983 361
1963 264
2467 6
991 424
2194 219
1343 312
509 108
1143 484
710 572
173 219
2034 433
116 93
1932 154
2838 81
224 544
2157 50
880 162
326 89
1926 147
50 239
1311 423
1698 513
2544 363
1655 318
2720 121
2164 588
1626 427
1192 166
2853 471
2699 586
1601 400
1725 182
529 61
1781 131
207 123
2437 298
2720 206
1488 11
710 588
324 53
1660 514
338 167
753 401
2550 493
148 352
341 303
2336 237
2211 427
2004 77
1495 282
2762 440
1411 143
1201 123
1747 500
490 501
905 231
4 211
2867 266
2524 543
522 120
1804 322
311 499
838 314
1332 171
1550 111
293 537
1026 576
1 289
1942 123
849 534
40 201
1907 7
2069 511
1755 95
350 281
991 514
906 417
1118 188
2017 61
780 228
875 327
52 525
2971 221
459 245
235 97
740 366
1957 147
2158 249
1963 114
1798 475
1611 43
202 328
1091 240
2324 564
2869 393
2735 297
559 343
2401 234
1585 589
1700 101
156 490
826 39
1324 201
2781 18
1729 506
705 106
2768 433
127 557
1841 419
790 576
1725 249
2696 550
285 558
126 587
2882 434
2121 247
2700 137
2607 423
497 534
1685 277
949 152
847 79
2712 39
345 285
97 192
937 572
445 275
1556 239
2723 446
2777 502
2591 290
2286 207
2017 347
2845 8
1225 117
2274 118
122 586
396 215
216 569
1357 300
2519 496
208 99
1857 426
582 545
1284 155
2389 453
1574 72
1326 335
517 379
497 87
2152 372
2855 34
2491 556
1276 390
1211 355
2591 7
2359 81
1095 83
142 66
476 271
1531 386
1814 477
2730 383
1174 413
1550 470
632 152
304 206
2569 203
374 89
2851 432
2926 49
10 121
1397 159
826 38
1224 390
263 582
1766 302
2937 561
2160 405
2378 36
1006 536
2997 182
2024 287
2828 119
1221 62
2542 313
1091 575
659 542
1964 413
2853 289
2050 236
102 121
2663 436
672 399
1883 429
1749 392
82 132
2931 86
1873 531
219 426
2709 150
2303 4
473 138
1342 371
1146 272
5 543
2176 423
1971 579
627 24
2673 305
567 275
132 558
2326 550
2872 132
2233 326
2107 302
2619 86
316 190
297 468
2222 507
586 323
2197 494
1239 75
1219 459
1366 429
2055 12
1593 594
171 265
78 204
2664 108
2635 596
2976 417
2049 377
1608 427
473 338
2928 570
2431 491
2104 520
842 588
1761 554
1124 144
718 36
2997 80
2733 85
422 463
2405 338
1724 17
2893 510
1412 348
2591 23
1597 361
2687 84
1110 468
932 258
277 310
426 454
321 100
1730 293
693 400
1095 351
1010 277
349 145
367 585
831 106
1760 299
2109 318
2264 163
2729 310
1652 401
2660 232
197 221
250 266
2313 286
2911 154
2879 414
2724 177
1342 290
850 79
281 112
1162 248
2960 161
1766 203
1654 85
544 139
2963 134
1333 398
2229 285
2621 282
2376 321
241 16
7 254
2769 481
2197 249
2202 462
269 282
2433 420
1194 594
2583 43
124 300
2120 463
2712 296
361 55
1362 202
2614 395
1530 505
2693 331
2752 20
2962 147
2949 207
520 130
1215 3
1953 50
2721 187
2226 442
1181 378
2910 430
335 59
2446 8
2343 512
1105 96
2642 20
2902 415
798 228
1467 177
2024 367
1032 329
1988 135
837 222
2024 64
925 475
1950 357
1430 125
476 386
286 405
2905 219
2092 565
2246 436
2487 368
2502 42
1143 529
715 110
2550 493
911 450
1219 437
749 412
11 332
2834 55
820 103