500 11000
196 67
2530 216
2370 91
1848 226
96 249
466 281
2230 9
1502 265
3915 16
2880 259
1324 139
2591 42
1576 282
2633 273
2891 56
2883 244
1525 275
3984 88
854 93
3485 254
2729 110
3815 84
106 50
330 291
3125 55
3176 53
29 208
2130 246
1285 126
853 19
2942 56
1540 255
894 298
2685 9
345 34
1147 300
3487 30
2488 86
3282 90
2877 260
162 279
391 266
2022 135
1687 247
2361 171
1239 261
1423 246
164 115
2131 215
3356 21
991 94
1157 36
3542 34
2168 134
961 211
3048 164
36 195
3123 40
2908 270
3812 244
2872 210
3394 24
881 82
1080 165
232 179
930 2
1754 274
2097 239
1506 25
379 137
3595 284
930 300
2064 300
2463 18
179 154
1675 225
2582 183
3242 300
3481 297
3892 216
3024 82
833 248
3936 80
1968 168
2423 224
693 299
2373 133
1597 59
378 69
2879 219
3645 88
1440 83
1671 65
3235 53
2042 145
2923 48
417 15
3631 157
2021 118
2105 143
1032 226
1850 32
1794 217
1038 34
3414 243
2247 172
1521 262
2297 52
2750 116
1569 295
1544 219
2066 105
3501 83
2654 59
860 178
3550 232
171 136
1406 55
2551 34
2984 123
3928 214
1899 112
1152 290
2920 202
2705 154
696 1
440 67
989 36
2890 41
1284 296
889 17
2644 132
3090 33
3350 161
3735 115
1888 96
2324 120
640 89
3648 58
3361 21
882 108
861 272
3613 46
288 184
1258 193
3572 201
145 80
3086 258
2451 42
2581 86
1942 284
3178 284
766 60
440 41
453 20
2553 171
2167 80
3875 20
204 262
2702 25
2178 17
1570 137
791 25
3329 90
1344 51
910 182
1929 93
825 156
1066 284
1737 81
1921 262
1700 162
3346 62
2014 81
2616 205
3035 52
1286 86
1539 171
2207 142
1025 272
398 227
3095 57
291 102
2434 126
1579 12
3590 41
3147 70
3286 45
2712 261
354 290
1557 65
2141 52
3018 51
1321 262
1886 262
3394 153
2449 234
3908 158
1401 7
1401 204
247 53
1795 185
3316 206
802 209
3549 14
3395 28
1208 48
1030 237
1218 77
2250 195
295 112
1943 44
1181 249
2663 22
2718 76
3185 113
1696 19
1268 81
1842 288
317 8
2613 12
2645 231
3957 68
1034 19
3202 15
2809 202
847 134
52 278
2374 116
2549 169
2470 229
2303 122
2363 249
2157 84
3673 91
2299 140
1556 196
2509 131
190 47
1279 183
158 30
2825 211
777 15
3727 261
2432 118
707 75
1894 130
3191 78
3804 248
3619 43
2203 82
2575 57
3470 154
2302 108
3785 227
1495 148
2057 153
3185 113
1482 142
3802 43
1983 76
164 171
1138 119
2380 245
376 171
2985 54
1135 99
366 73
246 181
923 197
298 54
3910 298
1145 90
770 209
3525 241
969 231
2519 17
172 26
1948 208
3603 175
3809 2
595 288
1094 49
3691 10
2242 113
1306 51
724 270
2722 30
2528 257
1297 283
3694 167
1906 210
1531 281
47 68
3802 269
3392 9
3915 267
1301 123
3926 40
443 83
869 151
1167 138
3739 17
2749 222
1812 47
2771 291
3322 172
3623 111
3265 270
2113 181
576 231
3238 254
3724 219
2467 197
3859 211
2354 77
1138 14
2124 262
1971 226
267 140
2183 268
603 96
1820 247
220 90
2907 101
2038 21
2657 16
1914 26
2743 201
2769 123
3152 228
3812 166
318 91
3238 179
754 73
674 296
78 107
2652 196
3721 34
2215 215
990 229
1795 191
3953 197
1872 282
64 2
883 156
1345 222
1572 128
1469 162
1618 92
2441 65
2676 236
3709 160
1453 209
1876 52
506 231
2174 220
2491 276
1637 42
155 29
538 173
2750 186
1211 1
3079 238
164 74
1923 154
2382 28
21 106
872 76
831 120
273 197
1033 216
112 70
2993 264
432 164
3984 35
2203 52
1669 87
2897 217
3328 257
2661 136
813 13
1396 253
2106 234
1507 19
2887 240
661 69
426 5
582 152
315 103
3046 173
2147 300
1717 23
3196 228
1719 182
932 272
1397 67
772 184
848 128
2711 30
706 100
1498 123
2323 60
1519 195
1300 209
2381 133
2684 130
2823 249
2941 119
1591 249
610 252
3783 111
3335 211
2748 145
2581 157
2560 124
953 72
746 267
1887 166
684 180
464 2
3481 105
1925 208
977 253
455 231
1642 50
3749 63
1212 66
1745 6
650 46
152 20
232 151
923 90
3661 181
1358 171
918 259
1261 211
244 84
1110 37
1140 148
3047 16
2986 294
1557 279
2809 82
3206 229
3712 40
3980 77
1028 287
3870 211
342 293
404 47
2849 228
3359 215
1939 170
2850 279
1157 34
2737 234
2633 62
1925 48
79 266
1785 27
3188 279
2629 296
2887 33
2100 218
2041 58
868 290
1153 104
121 46
3049 67
510 24
1912 156
2937 144
3165 94
106 6
3957 218
2816 41
1977 282
3768 41
2727 280
915 112
2283 26
1202 193
3369 213
3504 129
2890 18
1885 166
1793 221
3091 210
3481 158
2135 10
3261 155
1837 258
1507 274
1368 176
3957 256
2765 28
286 187
627 130
3054 74